data/CODG0100.22I
     1.0            IONOSPHERE MAPS     GNSS                IONEX VERSION / TYPE
ADDNEQ2 V5.3        AIUB                14-JAN-22 21:14     PGM / RUN BY / DATE 
CODE'S GLOBAL IONOSPHERE MAPS FOR DAY 010, 2022             COMMENT             
Global ionosphere maps (GIM) are generated on a daily basis DESCRIPTION         
at CODE using data from about 300 GNSS sites of the IGS and DESCRIPTION         
other institutions. The vertical total electron content     DESCRIPTION         
(VTEC) is modeled in a solar-geomagnetic reference frame    DESCRIPTION         
using a spherical harmonics expansion up to degree and      DESCRIPTION         
order 15. Piece-wise linear functions are used for          DESCRIPTION         
representation in the time domain. The time spacing of      DESCRIPTION         
their vertices is 1 hour, conforming with the epochs of the DESCRIPTION         
VTEC maps.                                                  DESCRIPTION         
To convert line-of-sight TEC into vertical TEC, a modified  DESCRIPTION         
single-layer model mapping function approximating the JPL   DESCRIPTION         
extended slab model mapping function is adopted. The        DESCRIPTION         
mapping function is evaluated at geodetic satellite         DESCRIPTION         
elevation angles. For the computation of the ionospheric    DESCRIPTION         
pierce points, a spherical layer with a radius of 6821 km   DESCRIPTION         
is assumed, implying geocentric, not geodetic IONEX         DESCRIPTION         
latitudes.                                                  DESCRIPTION         
Instrumental biases with respect to each involved GNSS code DESCRIPTION         
observable are estimated as constant values for each        DESCRIPTION         
day. They are modeled with one set of bias parameters for   DESCRIPTION         
each satellite and each station in case of GPS and for each DESCRIPTION         
satellite-station link in case of GLONASS. The code bias    DESCRIPTION         
datum is defined by zero-mean conditions imposed on the     DESCRIPTION         
satellite bias estimates. In this file, just GPS C1W-C2W    DESCRIPTION         
satellite and station bias values are included. The         DESCRIPTION         
complete set of GNSS code bias results is provided in an    DESCRIPTION         
additional Bias-SINEX file as pseudo-absolute values        DESCRIPTION         
specific to each observable.                                DESCRIPTION         
Note: These GIM results correspond to the results for the   DESCRIPTION         
middle day of a 3-day combination analysis solving for 73   DESCRIPTION         
times 256, or 18688 VTEC parameters and 3 daily sets of     DESCRIPTION         
GNSS code bias parameters.                                  DESCRIPTION         
Contact address: code(at)aiub.unibe.ch                      DESCRIPTION         
Data archive:    ftp.aiub.unibe.ch/CODE/                    DESCRIPTION         
                 www.aiub.unibe.ch/download/CODE/           DESCRIPTION         
  2022     1    10     0     0     0                        EPOCH OF FIRST MAP  
  2022     1    11     0     0     0                        EPOCH OF LAST MAP   
  3600                                                      INTERVAL            
[...]
brux bshm cags cas1 ccj2 cedu chpg chpi chti chur ckis coco COMMENT             
cord cpvg cro1 daej darw dav1 dgar dhlg drao dubo ebre faa1 COMMENT             
fair flin flrs frdn ftna func ganp glps glsv gode godz gol2 COMMENT             
gold gope gras graz guat guug harb hers hert hlfx hnlc hnpt COMMENT             
hob2 hofn holb hyde ieng iisc invk iqal irkj isba joz2 joze COMMENT             
karr kerg kir0 kiru kit3 kokb kokv koug kour krgg laut lmmf COMMENT             
lpgs m0se mac1 madr mal2 mana mas1 mat1 mate maui maw1 mcil COMMENT             
mcm4 mdo1 mdvj medi mets mgue mizu mkea mobj mobs monp morp COMMENT             
mqzg mro1 mtka nano nico nist nklg nlib nnor not1 nrc1 ntus COMMENT             
nya1 nyal ohi2 onsa opmt ous2 pado parc park pdel penc pert COMMENT             
pie1 pimo pohn pol2 polv pots pove prds ptbb ptvl qaq1 quin COMMENT             
rabt ramo reun reyk rgdg rio2 riop salu samo sant savo sch2 COMMENT             
scor scrz sctb scub seyg smst sofi spt0 sthl stjo stk2 suth COMMENT             
sutm suwn sydn syog tabl tabv tash tehn thtg thti thu2 tid1 COMMENT             
tidb tixg tlse tong tow2 tro1 tsea tskb tuva twtf uclu ufpr COMMENT             
ulab unb3 unbj unbn unsa urum usn7 usud vald vill voim wab2 COMMENT             
wark wes2 wgtn whit will wind wsrt wtza wtzl wtzr wtzs wtzz COMMENT             
wuhn xmis yakt yar2 yar3 yarr yell yssk zamb zeck zim2 zim3 COMMENT             
zimm                                                        COMMENT             
                                                            END OF HEADER       
[from data line 7293]
    18                                                      START OF TEC MAP    
  2022     1    10    17     0     0                        EPOCH OF CURRENT MAP
    87.5-180.0 180.0   5.0 450.0                            LAT/LON1/LON2/DLON/H
   37   38   38   38   38   38   39   39   39   39   40   40   40   40   40   40
   41   41   41   41   41   41   41   41   41   41   41   41   41   40   40   40
   40   40   40   40   39   39   39   39   39   39   38   38   38   38   38   38
   38   38   38   37   37   37   37   37   37   37   37   37   37   37   37   37
   37   37   37   37   37   37   37   37   37
    85.0-180.0 180.0   5.0 450.0                            LAT/LON1/LON2/DLON/H
   32   33   33   34   34   35   35   36   36   37   37   38   38   38   39   39
   39   39   40   40   40   40   40   40   39   39   39   39   39   39   39   38
   38   38   38   37   37   36   36   36   35   35   35   35   34   34   34   34
   34   34   34   34   34   34   34   34   34   34   33   33   33   32   32   32
   32   32   32   32   32   32   32   32   32
    82.5-180.0 180.0   5.0 450.0                            LAT/LON1/LON2/DLON/H
   26   27   27   28   28   29   30   31   32   33   33   34   35   35   36   36
   36   37   37   37   37   37   37   37   36   36   36   36   36   36   36   36
   35   35   35   34   33   33   32   31   31   30   30   30   29   30   30   30
   31   31   32   32   32   32   32   32   32   31   30   30   29   28   28   27
   26   26   26   25   25   25   25   26   26
    80.0-180.0 180.0   5.0 450.0                            LAT/LON1/LON2/DLON/H
   21   21   22   22   23   24   25   26   27   28   29   30   31   32   32   33
   33   34   34   34   34   34   34   34   33   33   33   33   33   34   34   33
   33   33   32   31   30   29   28   27   26   25   24   24   24   25   26   27
   28   30   31   32   32   33   33   32   31   30   29   28   26   25   24   23
   22   21   20   20   20   20   20   20   21
    77.5-180.0 180.0   5.0 450.0                            LAT/LON1/LON2/DLON/H
   18   18   18   18   19   19   20   21   22   23   24   26   27   28   30   31
   32   32   33   33   33   33   33   33   33   33   32   32   32   32   32   32
   32   32   31   30   28   26   24   22   21   19   19   19   19   21   23   25
   27   30   32   34   35   35   35   34   33   31   29   27   25   23   21   20
   19   18   18   17   17   17   17   17   18
    75.0-180.0 180.0   5.0 450.0                            LAT/LON1/LON2/DLON/H
   18   18   18   17   17   17   17   17   18   20   21   23   25   27   29   30
   32   34   35   36   37   37   37   37   36   35   35   34   34   33   33   33
   32   32   30   29   27   24   22   19   17   15   14   14   16   18   21   25
   28   32   35   38   39   39   39   37   35   32   30   27   24   22   21   19
   18   18   18   18   18   18   19   19   18
    72.5-180.0 180.0   5.0 450.0                            LAT/LON1/LON2/DLON/H
   23   22   21   19   18   16   16   16   16   17   19   21   24   27   29   32
   35   38   41   43   45   46   46   46   45   43   41   39   38   37   36   35
   34   32   31   28   26   23   19   16   13   11   11   11   13   16   20   25
   30   35   38   41   43   43   41   39   36   33   29   26   24   22   21   20
   20   20   21   22   22   23   23   23   23
    70.0-180.0 180.0   5.0 450.0                            LAT/LON1/LON2/DLON/H
   30   28   26   23   20   18   16   15   15   16   19   21   24   28   32   36
   41   45   50   54   57   59   60   59   57   55   51   48   44   42   39   37
   35   33   31   28   24   21   17   14   11    9    8    9   11   15   20   25
   31   36   40   42   43   43   41   38   34   31   28   25   23   22   22   22
   23   24   25   27   28   29   30   30   30
    67.5-180.0 180.0   5.0 450.0                            LAT/LON1/LON2/DLON/H
   36   35   32   28   24   20   17   16   16   17   19   23   27   31   36   42
   48   54   61   67   71   75   76   75   73   68   63   58   52   48   44   40
   37   34   30   27   23   19   15   12    9    7    7    8   10   14   19   24
   30   34   38   40   40   38   36   33   29   26   24   23   23   23   24   25
   27   28   30   32   33   35   36   37   36
    65.0-180.0 180.0   5.0 450.0                            LAT/LON1/LON2/DLON/H
   41   40   37   33   28   23   19   17   17   18   21   26   30   36   42   48
   56   63   71   79   85   89   91   91   87   82   75   68   61   55   49   44
   39   35   30   26   22   17   13   10    8    7    7    8   10   13   17   21
   26   29   32   33   32   30   27   24   22   20   20   21   23   25   27   29
   30   31   33   34   36   38   40   41   41
    62.5-180.0 180.0   5.0 450.0                            LAT/LON1/LON2/DLON/H
   43   43   40   36   30   25   20   18   19   21   25   30   35   41   48   55
   63   72   81   89   96  101  103  103   99   93   86   78   70   62   55   49
   43   37   32   27   22   17   14   11    9    9    9   10   11   13   15   17
   20   22   23   22   21   18   16   14   14   15   17   20   24   28   30   32
   33   34   34   34   35   37   40   42   43
    60.0-180.0 180.0   5.0 450.0                            LAT/LON1/LON2/DLON/H
   42   43   41   37   32   26   22   21   22   25   30   36   42   48   55   62
   70   79   87   96  102  107  110  110  107  101   94   86   78   70   63   56
   49   42   36   30   24   20   16   14   13   13   13   13   13   13   13   13
   13   14   13   12   10    8    6    6    8   12   17   23   28   32   35   36
   36   34   33   32   32   34   36   39   42
    57.5-180.0 180.0   5.0 450.0                            LAT/LON1/LON2/DLON/H
   39   41   40   37   33   28   25   24   27   31   37   43   49   56   62   70
   77   85   92   99  105  109  112  112  110  106  100   94   87   80   72   65
   58   50   43   36   30   25   22   20   19   19   19   18   17   15   12   11
    9    8    7    5    3    1    1    3    8   14   21   28   35   39   41   40
   38   35   31   28   27   28   31   35   39
    55.0-180.0 180.0   5.0 450.0                            LAT/LON1/LON2/DLON/H
   35   38   39   37   34   30   29   29   33   39   45   52   58   64   71   78
   85   91   97  101  104  107  110  111  111  109  106  101   96   90   83   76
   68   60   52   45   39   34   30   28   27   27   27   26   23   19   15   12
    9    8    6    4    3    2    3    7   13   21   30   38   43   46   47   45
   40   35   30   26   23   23   26   30   35
    52.5-180.0 180.0   5.0 450.0                            LAT/LON1/LON2/DLON/H
   33   37   39   38   36   34   34   37   42   48   55   61   66   72   79   86
   93   98  101  103  104  105  107  110  112  112  111  108  104  100   94   87
   79   70   62   55   49   44   40   38   36   36   36   35   32   27   22   18
   15   14   13   12   11   11   13   18   25   34   42   49   53   54   52   48
   43   36   30   25   22   22   24   28   33
    50.0-180.0 180.0   5.0 450.0                            LAT/LON1/LON2/DLON/H
   34   37   40   40   40   40   42   46   52   59   65   70   74   80   87   95
  102  107  108  107  105  105  107  111  115  117  117  115  113  109  103   95
   87   78   70   64   59   54   50   47   46   46   46   45   42   38   33   29
   27   27   26   26   26   26   29   34   41   49   56   60   62   60   56   51
   45   39   32   28   25   24   26   29   34
    47.5-180.0 180.0   5.0 450.0                            LAT/LON1/LON2/DLON/H
   36   39   41   42   43   46   50   56   63   70   75   78   81   86   94  103
  112  116  116  113  110  109  112  116  121  123  124  122  119  115  109  100
   91   82   75   70   66   63   59   56   55   55   56   56   54   50   46   43
   43   43   44   44   45   45   48   53   59   65   69   70   68   64   59   53
   47   41   36   33   30   30   31   33   36
    45.0-180.0 180.0   5.0 450.0                            LAT/LON1/LON2/DLON/H
   40   41   43   44   47   51   57   66   74   80   84   85   87   92  100  111
  121  126  127  123  119  118  120  125  129  131  130  127  123  118  110  101
   90   82   76   73   71   69   66   63   63   64   66   67   66   63   60   59
   59   60   62   63   63   64   66   70   75   78   80   77   73   66   60   54
   49   44   41   39   38   38   38   39   40
    42.5-180.0 180.0   5.0 450.0                            LAT/LON1/LON2/DLON/H
   44   43   43   44   48   54   63   73   83   89   91   91   92   97  106  117
  129  136  138  135  131  130  132  136  139  138  135  130  124  118  109   99
   88   80   76   75   75   74   71   69   70   72   76   78   77   75   73   72
   73   74   76   77   78   78   80   83   86   87   86   81   74   67   60   55
   50   47   45   44   44   45   45   45   44
    40.0-180.0 180.0   5.0 450.0                            LAT/LON1/LON2/DLON/H
   45   42   41   42   47   55   66   79   89   96   98   97   98  102  110  123
  135  145  149  148  145  143  143  145  146  142  136  129  123  116  108   98
   88   81   78   79   80   79   77   76   77   81   85   88   88   86   83   82
   82   82   83   84   85   86   87   89   92   92   89   83   75   67   61   56
   52   49   48   48   49   50   50   48   45
    37.5-180.0 180.0   5.0 450.0                            LAT/LON1/LON2/DLON/H
   45   40   38   38   43   53   66   81   93  101  103  103  104  108  116  127
  140  151  158  160  157  154  152  151  148  142  134  127  121  117  111  103
   95   89   88   89   90   89   86   84   86   91   95   98   97   94   90   87
   85   84   84   84   85   86   88   90   92   92   89   83   75   69   63   59
   55   52   50   49   51   52   51   49   45
    35.0-180.0 180.0   5.0 450.0                            LAT/LON1/LON2/DLON/H
   43   38   34   34   39   50   65   81   95  103  107  109  111  115  121  131
  143  155  165  168  167  162  156  151  146  138  131  125  123  123  121  118
  113  109  109  109  108  104   99   96   98  102  107  108  105  100   95   90
   85   81   79   79   80   82   85   87   89   90   88   83   77   71   67   64
   60   55   51   50   50   51   50   47   43
    32.5-180.0 180.0   5.0 450.0                            LAT/LON1/LON2/DLON/H
   41   36   32   32   36   47   63   80   95  105  111  115  120  124  128  134
  144  157  168  174  172  164  155  146  139  133  128  127  131  137  142  144
  144  143  143  141  136  127  118  112  113  117  119  118  113  106   98   91
   83   76   72   71   74   77   80   82   85   86   86   83   79   75   73   69
   65   59   54   50   49   49   48   45   41
    30.0-180.0 180.0   5.0 450.0                            LAT/LON1/LON2/DLON/H
   41   37   33   32   36   47   62   79   94  105  114  121  128  133  135  137
  144  156  169  176  173  163  150  139  133  130  131  137  148  162  174  182
  186  188  187  182  170  155  140  132  130  132  132  128  121  111  102   92
   82   73   67   66   69   73   76   78   81   83   84   83   81   79   78   75
   71   64   57   52   49   47   46   44   41
    27.5-180.0 180.0   5.0 450.0                            LAT/LON1/LON2/DLON/H
   44   41   38   37   40   49   64   80   94  106  116  126  136  142  142  140
  143  153  167  175  171  158  143  133  130  134  142  156  175  195  212  225
  234  238  237  227  208  185  165  152  148  148  145  138  128  117  107   97
   85   74   67   67   70   73   76   77   79   81   83   84   83   82   81   79
   75   69   62   56   51   48   47   46   44
    25.0-180.0 180.0   5.0 450.0                            LAT/LON1/LON2/DLON/H
   50   48   46   45   47   56   69   84   96  107  117  130  142  148  147  141
  141  150  164  172  167  153  138  132  136  148  165  186  209  232  253  269
  281  286  283  269  244  214  188  172  165  162  157  147  135  124  115  104
   92   80   74   73   76   79   79   78   78   80   82   83   83   82   81   80
   78   74   68   62   56   52   50   50   50
    22.5-180.0 180.0   5.0 450.0                            LAT/LON1/LON2/DLON/H
   56   56   55   54   56   64   77   90  100  109  118  131  145  152  150  142
  139  147  160  168  163  149  138  139  152  173  197  222  247  270  289  305
  318  324  319  302  272  237  207  189  180  174  166  153  140  130  123  114
  103   92   85   85   87   88   85   81   78   79   81   82   81   79   78   77
   77   76   73   68   62   57   55   55   56
    20.0-180.0 180.0   5.0 450.0                            LAT/LON1/LON2/DLON/H
   61   62   62   61   65   73   85   97  106  112  119  132  146  154  152  143
  139  145  156  163  159  149  145  156  179  208  237  262  283  301  316  329
  340  345  340  320  288  252  221  202  192  183  172  158  145  136  130  124
  115  105  100   99  100   98   92   84   80   79   79   79   77   74   72   71
   73   75   76   73   68   62   59   59   61
    17.5-180.0 180.0   5.0 450.0                            LAT/LON1/LON2/DLON/H
   63   64   65   66   71   81   94  106  113  116  122  133  146  156  154  146
  141  145  155  160  157  152  159  181  214  249  278  299  313  323  330  338
  345  349  344  324  293  259  231  213  201  191  177  161  147  139  136  132
  125  118  113  113  112  108   98   88   81   78   78   76   73   69   66   64
   66   71   75   75   71   65   62   62   63
    15.0-180.0 180.0   5.0 450.0                            LAT/LON1/LON2/DLON/H
   61   62   62   65   73   86  101  113  120  123  126  135  148  158  158  152
  147  150  156  158  157  160  178  212  253  290  314  328  333  333  332  333
  337  340  335  318  291  262  239  223  211  198  181  163  149  141  139  137
  133  128  125  124  122  115  104   92   83   79   77   75   71   66   61   58
   59   65   71   74   70   65   61   60   61
    12.5-180.0 180.0   5.0 450.0                            LAT/LON1/LON2/DLON/H
   56   55   56   60   71   88  105  120  129  131  134  141  153  163  166  163
  159  159  161  161  162  172  201  245  291  325  342  345  341  333  326  322
  323  324  321  307  287  266  249  236  224  208  187  166  150  142  140  140
  138  134  133  132  129  121  108   96   87   82   79   76   72   67   60   55
   54   59   66   69   67   62   58   56   56
    10.0-180.0 180.0   5.0 450.0                            LAT/LON1/LON2/DLON/H
   49   47   47   53   68   88  109  126  137  142  145  152  163  173  179  178
  175  173  171  168  170  188  226  276  322  350  357  352  340  328  317  312
  311  312  310  301  288  275  264  254  240  220  195  170  152  143  141  141
  141  139  139  138  134  126  113  101   92   87   83   81   78   73   65   57
   53   56   61   63   61   57   54   51   49
     7.5-180.0 180.0   5.0 450.0                            LAT/LON1/LON2/DLON/H
   44   39   39   48   65   88  111  131  145  153  159  166  177  188  195  197
  196  192  186  181  184  207  250  302  344  363  361  348  334  322  314  310
  310  312  311  306  298  292  286  276  260  235  205  177  156  145  142  143
  144  145  145  144  141  132  121  110  101   95   91   88   87   83   75   65
   58   56   59   60   57   54   51   48   44
     5.0-180.0 180.0   5.0 450.0                            LAT/LON1/LON2/DLON/H
   43   36   36   46   65   90  114  136  153  166  175  183  194  205  215  219
  219  214  206  199  203  227  272  321  356  365  356  340  328  322  319  320
  323  326  326  323  320  317  313  302  282  252  218  187  164  151  147  149
  151  153  154  153  149  141  131  121  112  105  100   98   98   96   89   78
   67   62   61   60   57   54   52   49   43
     2.5-180.0 180.0   5.0 450.0                            LAT/LON1/LON2/DLON/H
   48   40   38   49   70   95  119  141  161  178  191  202  212  224  234  241
  242  238  229  221  225  249  291  334  359  360  346  332  327  329  336  344
  351  355  355  353  350  348  343  329  303  268  231  198  174  160  157  159
  163  165  166  165  160  153  144  135  125  116  110  108  109  110  104   93
   81   73   69   66   62   60   59   56   48
