data/CODG0100.22I
     1.0            IONOSPHERE MAPS     GNSS                IONEX VERSION / TYPE
ADDNEQ2 V5.3        AIUB                14-JAN-22 21:14     PGM / RUN BY / DATE 
CODE'S GLOBAL IONOSPHERE MAPS FOR DAY 010, 2022             COMMENT             
Global ionosphere maps (GIM) are generated on a daily basis DESCRIPTION         
at CODE using data from about 300 GNSS sites of the IGS and DESCRIPTION         
other institutions. The vertical total electron content     DESCRIPTION         
(VTEC) is modeled in a solar-geomagnetic reference frame    DESCRIPTION         
using a spherical harmonics expansion up to degree and      DESCRIPTION         
order 15. Piece-wise linear functions are used for          DESCRIPTION         
representation in the time domain. The time spacing of      DESCRIPTION         
their vertices is 1 hour, conforming with the epochs of the DESCRIPTION         
VTEC maps.                                                  DESCRIPTION         
To convert line-of-sight TEC into vertical TEC, a modified  DESCRIPTION         
single-layer model mapping function approximating the JPL   DESCRIPTION         
extended slab model mapping function is adopted. The        DESCRIPTION         
mapping function is evaluated at geodetic satellite         DESCRIPTION         
elevation angles. For the computation of the ionospheric    DESCRIPTION         
pierce points, a spherical layer with a radius of 6821 km   DESCRIPTION         
is assumed, implying geocentric, not geodetic IONEX         DESCRIPTION         
latitudes.                                                  DESCRIPTION         
Instrumental biases with respect to each involved GNSS code DESCRIPTION         
observable are estimated as constant values for each        DESCRIPTION         
day. They are modeled with one set of bias parameters for   DESCRIPTION         
each satellite and each station in case of GPS and for each DESCRIPTION         
satellite-station link in case of GLONASS. The code bias    DESCRIPTION         
datum is defined by zero-mean conditions imposed on the     DESCRIPTION         
satellite bias estimates. In this file, just GPS C1W-C2W    DESCRIPTION         
satellite and station bias values are included. The         DESCRIPTION         
complete set of GNSS code bias results is provided in an    DESCRIPTION         
additional Bias-SINEX file as pseudo-absolute values        DESCRIPTION         
specific to each observable.                                DESCRIPTION         
Note: These GIM results correspond to the results for the   DESCRIPTION         
middle day of a 3-day combination analysis solving for 73   DESCRIPTION         
times 256, or 18688 VTEC parameters and 3 daily sets of     DESCRIPTION         
GNSS code bias parameters.                                  DESCRIPTION         
Contact address: code(at)aiub.unibe.ch                      DESCRIPTION         
Data archive:    ftp.aiub.unibe.ch/CODE/                    DESCRIPTION         
                 www.aiub.unibe.ch/download/CODE/           DESCRIPTION         
  2022     1    10     0     0     0                        EPOCH OF FIRST MAP  
  2022     1    11     0     0     0                        EPOCH OF LAST MAP   
  3600                                                      INTERVAL            
[...]
brux bshm cags cas1 ccj2 cedu chpg chpi chti chur ckis coco COMMENT             
cord cpvg cro1 daej darw dav1 dgar dhlg drao dubo ebre faa1 COMMENT             
fair flin flrs frdn ftna func ganp glps glsv gode godz gol2 COMMENT             
gold gope gras graz guat guug harb hers hert hlfx hnlc hnpt COMMENT             
hob2 hofn holb hyde ieng iisc invk iqal irkj isba joz2 joze COMMENT             
karr kerg kir0 kiru kit3 kokb kokv koug kour krgg laut lmmf COMMENT             
lpgs m0se mac1 madr mal2 mana mas1 mat1 mate maui maw1 mcil COMMENT             
mcm4 mdo1 mdvj medi mets mgue mizu mkea mobj mobs monp morp COMMENT             
mqzg mro1 mtka nano nico nist nklg nlib nnor not1 nrc1 ntus COMMENT             
nya1 nyal ohi2 onsa opmt ous2 pado parc park pdel penc pert COMMENT             
pie1 pimo pohn pol2 polv pots pove prds ptbb ptvl qaq1 quin COMMENT             
rabt ramo reun reyk rgdg rio2 riop salu samo sant savo sch2 COMMENT             
scor scrz sctb scub seyg smst sofi spt0 sthl stjo stk2 suth COMMENT             
sutm suwn sydn syog tabl tabv tash tehn thtg thti thu2 tid1 COMMENT             
tidb tixg tlse tong tow2 tro1 tsea tskb tuva twtf uclu ufpr COMMENT             
ulab unb3 unbj unbn unsa urum usn7 usud vald vill voim wab2 COMMENT             
wark wes2 wgtn whit will wind wsrt wtza wtzl wtzr wtzs wtzz COMMENT             
wuhn xmis yakt yar2 yar3 yarr yell yssk zamb zeck zim2 zim3 COMMENT             
zimm                                                        COMMENT             
                                                            END OF HEADER       
[from data line 1716]
     5                                                      START OF TEC MAP    
  2022     1    10     4     0     0                        EPOCH OF CURRENT MAP
    87.5-180.0 180.0   5.0 450.0                            LAT/LON1/LON2/DLON/H
   19   19   19   18   18   18   17   17   17   17   16   16   16   15   15   15
   15   14   14   14   14   14   13   13   13   14   14   14   14   14   15   15
   16   16   17   18   18   19   20   20   21   22   22   23   23   23   24   24
   24   25   25   25   25   25   25   24   24   24   24   24   23   23   23   22
   22   22   21   21   20   20   20   20   19
    85.0-180.0 180.0   5.0 450.0                            LAT/LON1/LON2/DLON/H
   18   18   17   17   17   17   17   16   16   16   16   15   15   15   14   13
   13   12   11   10   10    9    8    8    7    7    7    7    8    8    9   10
   11   12   14   15   17   18   20   21   23   24   25   26   27   28   28   28
   29   29   29   29   28   28   28   27   27   26   26   25   24   24   23   22
   22   21   21   20   20   19   19   18   18
    82.5-180.0 180.0   5.0 450.0                            LAT/LON1/LON2/DLON/H
   16   16   16   16   16   16   17   17   17   18   18   18   18   17   17   16
   15   14   12   11    9    7    6    4    3    2    2    2    2    3    4    5
    7    9   11   14   16   19   21   23   25   26   28   29   29   30   30   30
   30   30   30   30   29   28   28   27   26   26   25   24   23   23   22   21
   21   20   19   19   18   17   17   17   16
    80.0-180.0 180.0   5.0 450.0                            LAT/LON1/LON2/DLON/H
   16   15   15   15   16   16   17   18   19   20   21   22   23   23   22   22
   20   19   17   15   12   10    7    5    3    1    0    0    0    0    1    3
    5    8   11   14   17   20   22   24   26   28   29   29   29   29   29   29
   29   28   28   27   27   26   26   25   24   24   23   23   22   22   21   21
   20   20   19   19   18   17   17   16   16
    77.5-180.0 180.0   5.0 450.0                            LAT/LON1/LON2/DLON/H
   17   17   16   16   16   17   18   20   21   23   25   27   28   28   29   28
   27   26   24   21   18   15   12    9    6    4    2    1    1    1    3    5
    7   10   14   17   20   22   24   26   27   27   27   27   27   26   25   25
   24   24   23   23   23   23   23   23   23   23   23   23   23   23   23   23
   23   23   23   22   21   20   19   18   17
    75.0-180.0 180.0   5.0 450.0                            LAT/LON1/LON2/DLON/H
   22   20   19   18   17   18   19   21   23   25   27   30   31   33   33   34
   33   32   30   28   26   23   20   17   13   11    8    7    6    7    8   10
   12   15   18   21   23   25   26   27   26   26   24   23   21   20   19   18
   18   18   19   20   21   22   23   24   24   25   26   27   27   28   29   29
   30   30   30   29   29   27   26   24   22
    72.5-180.0 180.0   5.0 450.0                            LAT/LON1/LON2/DLON/H
   29   26   23   21   19   19   20   21   23   25   28   30   32   34   35   35
   36   35   35   33   32   30   28   25   22   19   17   15   14   14   15   17
   19   22   24   26   27   27   27   26   24   22   20   17   15   13   12   12
   13   14   16   19   21   24   26   28   30   31   33   34   36   37   39   40
   41   41   41   40   39   37   35   32   29
    70.0-180.0 180.0   5.0 450.0                            LAT/LON1/LON2/DLON/H
   37   33   28   25   22   20   20   21   22   24   27   29   30   32   33   33
   34   34   35   35   35   35   34   32   30   27   25   23   22   22   23   24
   25   27   28   29   28   28   26   24   21   18   15   12   10    8    7    8
   10   13   17   21   25   30   33   36   39   41   43   45   47   49   51   53
   54   54   54   53   51   49   45   41   37
    67.5-180.0 180.0   5.0 450.0                            LAT/LON1/LON2/DLON/H
   45   39   34   29   25   22   20   20   21   23   24   26   27   27   28   28
   29   30   32   33   35   36   36   36   34   33   31   29   28   28   28   29
   30   30   30   29   28   25   23   20   17   14   11    8    6    5    6    7
   11   15   21   27   33   38   43   47   50   52   55   57   60   62   64   66
   67   67   66   65   62   59   55   50   45
    65.0-180.0 180.0   5.0 450.0                            LAT/LON1/LON2/DLON/H
   51   45   39   33   27   23   21   20   20   21   22   22   23   22   22   22
   23   25   27   29   32   34   35   35   35   34   32   31   30   30   30   31
   31   30   29   27   24   21   18   16   13   11    9    8    6    6    7   10
   14   20   27   35   42   48   53   57   60   63   66   69   71   74   76   77
   78   78   76   74   71   67   63   57   51
    62.5-180.0 180.0   5.0 450.0                            LAT/LON1/LON2/DLON/H
   56   50   43   36   30   25   21   19   19   19   20   20   19   19   18   18
   19   20   22   25   27   29   31   32   32   31   30   29   29   29   29   30
   30   29   26   23   20   17   14   13   12   11   11   10   10   10   11   14
   20   27   34   43   50   56   61   64   67   70   73   77   80   83   85   86
   86   85   83   80   76   72   67   62   56
    60.0-180.0 180.0   5.0 450.0                            LAT/LON1/LON2/DLON/H
   60   54   47   40   33   27   22   20   19   19   19   19   18   17   17   17
   17   18   20   21   23   24   25   26   26   26   26   26   27   27   28   28
   28   26   23   20   16   13   12   11   12   14   15   15   15   15   17   20
   25   33   41   49   56   61   65   68   71   74   78   81   85   88   90   91
   91   90   87   84   80   75   71   65   60
    57.5-180.0 180.0   5.0 450.0                            LAT/LON1/LON2/DLON/H
   64   59   52   45   37   30   24   21   19   19   19   19   19   18   18   18
   19   20   20   20   20   20   20   20   21   22   23   24   25   26   27   28
   27   25   22   19   15   13   12   13   16   19   21   21   21   21   22   25
   31   38   47   54   60   65   68   70   73   76   80   84   88   91   93   93
   93   92   90   87   83   79   74   69   64
    55.0-180.0 180.0   5.0 450.0                            LAT/LON1/LON2/DLON/H
   71   66   60   52   44   35   28   23   21   20   20   20   20   20   21   22
   23   23   23   21   19   17   16   17   18   21   23   25   27   29   30   30
   29   27   24   21   18   16   17   19   22   25   28   28   27   27   27   31
   37   44   52   59   65   68   70   72   74   78   82   86   90   92   94   94
   94   93   92   90   87   83   79   75   71
    52.5-180.0 180.0   5.0 450.0                            LAT/LON1/LON2/DLON/H
   80   75   70   62   53   43   34   27   23   21   21   21   21   22   24   26
   27   28   26   23   20   17   16   18   20   24   28   31   34   35   35   35
   34   32   29   27   25   24   25   27   30   33   35   34   32   31   32   36
   43   51   60   66   71   73   75   77   79   83   88   91   94   95   94   94
   94   95   95   95   93   90   87   83   80
    50.0-180.0 180.0   5.0 450.0                            LAT/LON1/LON2/DLON/H
   91   87   82   74   64   53   42   33   27   24   23   22   22   23   25   28
   30   30   29   26   22   20   20   23   28   33   38   42   44   44   44   42
   40   39   37   36   35   34   35   37   39   41   41   39   37   36   38   44
   52   62   71   77   82   84   85   87   90   94   98  100  100   98   95   94
   94   95   98  100  100   99   96   94   91
    47.5-180.0 180.0   5.0 450.0                            LAT/LON1/LON2/DLON/H
  101   98   94   87   76   64   51   41   33   29   26   25   24   24   25   28
   30   31   31   28   26   26   29   34   40   46   52   55   56   55   52   50
   47   46   45   45   45   45   46   47   48   48   46   43   41   41   46   54
   65   76   86   93   97   99  100  102  106  110  112  113  109  104   97   93
   93   95  100  104  107  107  106  103  101
    45.0-180.0 180.0   5.0 450.0                            LAT/LON1/LON2/DLON/H
  109  107  104   97   87   74   61   49   41   36   32   29   27   25   26   27
   30   32   32   32   33   35   41   48   55   62   66   68   67   64   59   55
   53   52   53   54   55   56   56   56   55   54   51   48   46   49   56   67
   80   93  104  111  114  117  119  122  125  128  130  127  120  110  100   93
   91   94  100  106  110  112  112  111  109
    42.5-180.0 180.0   5.0 450.0                            LAT/LON1/LON2/DLON/H
  112  111  109  104   95   83   69   57   49   44   40   36   32   29   28   29
   31   33   36   38   42   48   56   64   72   77   78   77   74   69   63   58
   55   55   58   61   63   64   64   63   62   59   56   54   54   58   68   83
   98  111  121  128  132  134  137  140  144  146  145  140  130  116  103   94
   91   93   98  104  109  112  113  113  112
    40.0-180.0 180.0   5.0 450.0                            LAT/LON1/LON2/DLON/H
  110  110  109  105   98   87   75   64   56   52   49   46   41   37   34   33
   35   38   43   48   55   63   72   80   86   88   86   82   76   69   63   58
   56   57   61   65   69   70   69   68   66   64   62   61   63   70   83   98
  114  127  135  141  145  148  151  154  158  159  157  150  137  123  108   98
   93   93   96  100  105  108  110  110  110
    37.5-180.0 180.0   5.0 450.0                            LAT/LON1/LON2/DLON/H
  105  104  104  102   97   87   76   67   62   59   58   56   52   47   43   42
   44   48   54   61   70   79   87   93   96   94   88   81   73   67   61   57
   56   58   63   68   72   73   72   71   70   69   68   69   73   82   96  112
  126  136  143  147  150  153  157  161  164  164  162  154  143  130  117  108
  102   98   97   98  100  102  104  105  105
    35.0-180.0 180.0   5.0 450.0                            LAT/LON1/LON2/DLON/H
  100   99   98   96   92   84   75   67   63   63   65   65   62   59   55   54
   56   61   68   76   85   93   99  102  100   94   85   76   68   62   59   57
   58   60   65   70   73   74   73   72   72   73   74   77   83   93  107  121
  132  139  143  145  148  151  155  159  162  162  161  156  148  140  132  126
  120  114  107  102   99  100  101  101  100
    32.5-180.0 180.0   5.0 450.0                            LAT/LON1/LON2/DLON/H
  101   97   94   91   87   80   71   64   61   63   67   69   69   68   66   67
   69   74   80   88   96  102  104  103   98   89   79   69   62   59   59   60
   62   64   68   72   74   74   73   72   73   75   79   83   91  102  114  125
  133  136  136  137  140  144  148  152  155  156  157  156  155  155  155  155
  150  141  128  116  108  106  106  105  101
    30.0-180.0 180.0   5.0 450.0                            LAT/LON1/LON2/DLON/H
  113  104   97   91   85   77   68   60   57   59   63   68   70   72   73   75
   78   82   88   95  100  102  101   97   90   82   72   64   59   60   63   67
   69   71   73   75   76   74   72   71   72   76   80   87   95  106  118  126
  129  128  127  127  130  135  140  145  148  151  155  161  168  178  188  195
  194  182  163  144  130  124  123  120  113
    27.5-180.0 180.0   5.0 450.0                            LAT/LON1/LON2/DLON/H
  138  124  111  100   91   80   68   57   51   52   56   61   65   69   73   76
   79   83   87   92   95   95   91   86   79   73   67   62   61   65   71   77
   79   79   78   78   76   73   70   68   70   74   79   86   96  108  118  123
  124  122  120  121  125  131  137  142  147  153  161  173  189  209  229  244
  246  234  210  184  166  157  154  148  138
    25.0-180.0 180.0   5.0 450.0                            LAT/LON1/LON2/DLON/H
  175  155  135  119  105   90   74   59   49   46   47   51   56   61   66   70
   73   74   77   80   81   80   76   71   68   67   65   64   66   73   81   87
   89   86   82   79   76   72   68   65   65   69   74   83   94  107  117  122
  121  119  119  122  128  135  142  148  155  164  177  195  218  246  275  296
  303  290  263  233  211  201  197  190  175
    22.5-180.0 180.0   5.0 450.0                            LAT/LON1/LON2/DLON/H
  221  196  170  148  128  108   87   67   53   45   43   44   48   53   58   61
   61   60   60   62   64   63   60   59   60   64   68   71   75   82   91   96
   95   90   84   79   75   70   65   61   60   62   67   77   90  105  117  123
  124  124  126  132  140  149  157  165  174  186  203  225  254  286  319  345
  355  343  316  284  261  251  247  239  221
    20.0-180.0 180.0   5.0 450.0                            LAT/LON1/LON2/DLON/H
  269  240  210  183  159  134  108   84   65   53   47   45   46   49   53   53
   50   45   43   45   49   51   51   52   58   67   76   81   85   91   97  101
   97   89   81   76   72   67   62   57   54   54   59   70   87  105  119  128
  132  136  142  152  162  172  181  191  202  216  236  260  290  323  357  383
  395  385  359  329  307  299  296  288  269
    17.5-180.0 180.0   5.0 450.0                            LAT/LON1/LON2/DLON/H
  313  284  251  221  192  164  135  108   86   72   63   58   56   56   57   54
   46   37   33   36   43   48   51   55   63   75   86   91   93   96   99  100
   94   84   75   70   67   64   59   53   48   48   53   65   85  106  125  137
  145  153  164  176  188  199  209  220  233  249  269  294  322  352  382  406
  417  411  388  362  344  338  338  332  313
    15.0-180.0 180.0   5.0 450.0                            LAT/LON1/LON2/DLON/H
  348  320  288  256  226  196  165  137  115   99   90   83   80   78   75   68
   56   43   37   41   51   60   64   68   76   87   96   99   98   96   96   94
   87   76   67   63   63   61   56   50   45   43   48   63   85  111  132  147
  159  172  186  201  214  225  236  247  261  277  298  321  345  368  391  411
  421  417  400  380  367  365  368  365  348
    12.5-180.0 180.0   5.0 450.0                            LAT/LON1/LON2/DLON/H
  371  347  317  287  257  226  195  167  147  134  125  119  115  112  107   97
   80   64   57   63   76   86   89   89   93  100  106  105   99   94   91   86
   78   67   60   58   59   59   55   49   43   42   48   64   89  117  140  157
  172  187  205  221  235  246  256  268  281  297  316  336  355  371  386  400
  409  408  397  384  376  378  384  384  371
    10.0-180.0 180.0   5.0 450.0                            LAT/LON1/LON2/DLON/H
  382  363  338  311  282  252  222  197  179  169  164  160  157  154  148  136
  117   99   92   98  111  121  120  114  111  112  113  108   98   89   84   79
   71   61   55   55   58   59   55   49   44   43   51   69   95  123  147  165
  181  198  216  233  247  257  268  278  290  304  321  338  352  362  370  379
  387  390  386  379  376  380  388  391  382
     7.5-180.0 180.0   5.0 450.0                            LAT/LON1/LON2/DLON/H
  385  371  352  329  302  274  246  222  207  200  198  198  197  194  189  177
  158  140  132  138  151  157  151  137  126  120  116  108   96   86   80   75
   68   59   54   55   59   60   56   50   47   48   57   76  102  129  152  169
  184  201  220  237  250  260  270  279  289  301  315  330  341  347  350  355
  363  370  373  371  372  377  385  389  385
     5.0-180.0 180.0   5.0 450.0                            LAT/LON1/LON2/DLON/H
  382  374  360  341  318  292  265  243  229  224  224  225  225  224  220  209
  193  177  169  174  183  185  173  152  134  124  116  107   94   84   79   75
   69   61   57   58   61   61   57   52   50   53   64   84  109  135  155  169
  183  199  217  233  246  256  265  273  280  289  301  315  325  330  332  337
  346  357  365  368  369  374  380  384  382
     2.5-180.0 180.0   5.0 450.0                            LAT/LON1/LON2/DLON/H
  378  373  364  350  331  307  282  260  244  238  236  237  237  236  233  225
  212  198  191  194  200  197  181  156  135  122  115  106   95   86   81   78
   73   66   62   63   64   63   58   54   53   59   72   92  116  138  156  168
  179  194  210  226  238  248  257  263  268  275  285  299  311  317  321  327
  340  355  366  371  373  374  377  379  378
