data/CODG0100.22I
     1.0            IONOSPHERE MAPS     GNSS                IONEX VERSION / TYPE
ADDNEQ2 V5.3        AIUB                14-JAN-22 21:14     PGM / RUN BY / DATE 
CODE'S GLOBAL IONOSPHERE MAPS FOR DAY 010, 2022             COMMENT             
Global ionosphere maps (GIM) are generated on a daily basis DESCRIPTION         
at CODE using data from about 300 GNSS sites of the IGS and DESCRIPTION         
other institutions. The vertical total electron content     DESCRIPTION         
(VTEC) is modeled in a solar-geomagnetic reference frame    DESCRIPTION         
using a spherical harmonics expansion up to degree and      DESCRIPTION         
order 15. Piece-wise linear functions are used for          DESCRIPTION         
representation in the time domain. The time spacing of      DESCRIPTION         
their vertices is 1 hour, conforming with the epochs of the DESCRIPTION         
VTEC maps.                                                  DESCRIPTION         
To convert line-of-sight TEC into vertical TEC, a modified  DESCRIPTION         
single-layer model mapping function approximating the JPL   DESCRIPTION         
extended slab model mapping function is adopted. The        DESCRIPTION         
mapping function is evaluated at geodetic satellite         DESCRIPTION         
elevation angles. For the computation of the ionospheric    DESCRIPTION         
pierce points, a spherical layer with a radius of 6821 km   DESCRIPTION         
is assumed, implying geocentric, not geodetic IONEX         DESCRIPTION         
latitudes.                                                  DESCRIPTION         
Instrumental biases with respect to each involved GNSS code DESCRIPTION         
observable are estimated as constant values for each        DESCRIPTION         
day. They are modeled with one set of bias parameters for   DESCRIPTION         
each satellite and each station in case of GPS and for each DESCRIPTION         
satellite-station link in case of GLONASS. The code bias    DESCRIPTION         
datum is defined by zero-mean conditions imposed on the     DESCRIPTION         
satellite bias estimates. In this file, just GPS C1W-C2W    DESCRIPTION         
satellite and station bias values are included. The         DESCRIPTION         
complete set of GNSS code bias results is provided in an    DESCRIPTION         
additional Bias-SINEX file as pseudo-absolute values        DESCRIPTION         
specific to each observable.                                DESCRIPTION         
Note: These GIM results correspond to the results for the   DESCRIPTION         
middle day of a 3-day combination analysis solving for 73   DESCRIPTION         
times 256, or 18688 VTEC parameters and 3 daily sets of     DESCRIPTION         
GNSS code bias parameters.                                  DESCRIPTION         
Contact address: code(at)aiub.unibe.ch                      DESCRIPTION         
Data archive:    ftp.aiub.unibe.ch/CODE/                    DESCRIPTION         
                 www.aiub.unibe.ch/download/CODE/           DESCRIPTION         
  2022     1    10     0     0     0                        EPOCH OF FIRST MAP  
  2022     1    11     0     0     0                        EPOCH OF LAST MAP   
  3600                                                      INTERVAL            
[...]
brux bshm cags cas1 ccj2 cedu chpg chpi chti chur ckis coco COMMENT             
cord cpvg cro1 daej darw dav1 dgar dhlg drao dubo ebre faa1 COMMENT             
fair flin flrs frdn ftna func ganp glps glsv gode godz gol2 COMMENT             
gold gope gras graz guat guug harb hers hert hlfx hnlc hnpt COMMENT             
hob2 hofn holb hyde ieng iisc invk iqal irkj isba joz2 joze COMMENT             
karr kerg kir0 kiru kit3 kokb kokv koug kour krgg laut lmmf COMMENT             
lpgs m0se mac1 madr mal2 mana mas1 mat1 mate maui maw1 mcil COMMENT             
mcm4 mdo1 mdvj medi mets mgue mizu mkea mobj mobs monp morp COMMENT             
mqzg mro1 mtka nano nico nist nklg nlib nnor not1 nrc1 ntus COMMENT             
nya1 nyal ohi2 onsa opmt ous2 pado parc park pdel penc pert COMMENT             
pie1 pimo pohn pol2 polv pots pove prds ptbb ptvl qaq1 quin COMMENT             
rabt ramo reun reyk rgdg rio2 riop salu samo sant savo sch2 COMMENT             
scor scrz sctb scub seyg smst sofi spt0 sthl stjo stk2 suth COMMENT             
sutm suwn sydn syog tabl tabv tash tehn thtg thti thu2 tid1 COMMENT             
tidb tixg tlse tong tow2 tro1 tsea tskb tuva twtf uclu ufpr COMMENT             
ulab unb3 unbj unbn unsa urum usn7 usud vald vill voim wab2 COMMENT             
wark wes2 wgtn whit will wind wsrt wtza wtzl wtzr wtzs wtzz COMMENT             
wuhn xmis yakt yar2 yar3 yarr yell yssk zamb zeck zim2 zim3 COMMENT             
zimm                                                        COMMENT             
                                                            END OF HEADER       
[from data line 3003]
     8                                                      START OF TEC MAP    
  2022     1    10     7     0     0                        EPOCH OF CURRENT MAP
    87.5-180.0 180.0   5.0 450.0                            LAT/LON1/LON2/DLON/H
   32   32   32   32   33   33   33   34   34   34   34   35   35   35   35   36
   36   36   36   36   36   37   37   37   37   37   37   38   38   38   38   38
   38   38   38   38   38   38   38   38   37   37   37   37   36   36   36   35
   35   35   34   34   34   33   33   32   32   32   32   31   31   31   31   31
   31   31   31   31   31   31   31   31   32
    85.0-180.0 180.0   5.0 450.0                            LAT/LON1/LON2/DLON/H
   25   26   27   27   28   29   30   30   31   31   32   32   32   32   32   32
   33   33   33   33   33   33   34   34   34   35   35   35   36   36   36   37
   37   37   37   37   37   37   37   36   36   35   35   34   34   33   33   32
   32   31   30   30   29   28   27   27   26   25   24   24   23   23   22   22
   22   22   22   22   23   23   24   24   25
    82.5-180.0 180.0   5.0 450.0                            LAT/LON1/LON2/DLON/H
   17   19   21   22   23   25   26   27   27   28   28   28   28   28   28   28
   28   28   28   28   28   28   28   29   29   30   30   31   32   32   33   33
   34   34   34   34   34   33   33   32   32   31   30   30   29   28   28   27
   27   26   26   25   24   23   22   21   20   19   17   16   15   14   13   13
   12   12   12   12   13   14   15   16   17
    80.0-180.0 180.0   5.0 450.0                            LAT/LON1/LON2/DLON/H
   10   12   15   17   19   21   23   24   25   25   25   25   25   24   23   23
   23   22   22   22   23   23   23   24   24   25   26   26   27   28   28   29
   29   30   30   30   29   29   28   27   26   25   24   23   23   22   22   22
   22   22   22   22   22   21   20   19   17   15   13   11    9    8    6    5
    4    3    3    3    4    5    6    8   10
    77.5-180.0 180.0   5.0 450.0                            LAT/LON1/LON2/DLON/H
    4    7   10   13   16   19   21   22   23   23   23   22   21   20   19   18
   18   18   18   19   19   20   20   21   21   22   22   23   23   24   24   25
   25   26   26   25   24   23   22   20   19   17   16   16   16   17   18   19
   21   22   23   24   24   24   23   21   19   17   14   11    9    6    4    2
    0    0    0    0    0    0    0    2    4
    75.0-180.0 180.0   5.0 450.0                            LAT/LON1/LON2/DLON/H
    1    4    7   10   14   17   19   21   22   22   21   19   18   16   15   15
   15   15   16   17   18   19   20   21   21   21   21   21   21   21   21   22
   22   22   22   21   20   18   16   14   12   11   10   10   11   14   16   20
   23   27   30   32   33   33   32   30   27   24   21   17   14   10    7    4
    2    0    0    0    0    0    0    0    1
    72.5-180.0 180.0   5.0 450.0                            LAT/LON1/LON2/DLON/H
    0    2    5    9   12   16   19   20   21   20   19   17   15   13   12   12
   12   14   16   18   20   22   23   23   23   22   21   20   19   19   19   19
   20   20   19   18   17   14   12    9    7    6    6    7   10   15   20   26
   32   37   41   44   46   46   45   42   39   35   31   27   23   19   16   13
   10    7    4    2    0    0    0    0    0
    70.0-180.0 180.0   5.0 450.0                            LAT/LON1/LON2/DLON/H
    1    2    5    8   11   15   18   20   20   19   18   15   13   11   10   10
   11   13   16   19   22   25   26   26   25   24   22   20   19   18   18   18
   18   18   18   16   14   12    9    7    5    4    6    9   14   20   28   36
   44   51   57   61   63   62   60   57   53   48   44   40   36   32   28   25
   22   19   15   12    8    5    3    1    1
    67.5-180.0 180.0   5.0 450.0                            LAT/LON1/LON2/DLON/H
    4    4    5    8   11   14   17   19   19   18   16   14   11    9    8    9
   10   13   17   21   24   27   28   28   27   25   23   20   18   17   17   17
   17   17   16   15   13   10    8    6    5    6    9   14   21   30   40   50
   60   68   74   78   79   77   74   70   65   60   56   52   48   45   42   39
   36   33   29   24   19   14   10    7    4
    65.0-180.0 180.0   5.0 450.0                            LAT/LON1/LON2/DLON/H
    9    7    7    8   11   14   16   18   18   17   16   13   11    9    8    9
   11   13   17   20   24   26   27   27   26   24   22   20   18   17   16   16
   16   16   16   14   12   10    9    8    9   12   17   24   33   43   54   65
   75   83   89   91   91   89   84   79   74   69   65   62   59   56   54   52
   49   46   42   37   31   24   18   13    9
    62.5-180.0 180.0   5.0 450.0                            LAT/LON1/LON2/DLON/H
   14   11    9   10   11   14   16   17   17   17   15   13   11   10    9   10
   11   14   16   19   21   22   23   23   23   22   20   19   18   17   17   17
   17   16   15   14   12   11   11   12   15   20   27   36   45   56   67   77
   87   94   98  100   98   94   89   84   79   75   72   69   67   65   63   61
   58   55   51   46   40   33   26   19   14
    60.0-180.0 180.0   5.0 450.0                            LAT/LON1/LON2/DLON/H
   20   15   13   13   14   15   16   17   17   16   15   14   13   12   12   13
   13   14   15   15   16   17   17   18   18   18   18   18   18   19   19   18
   18   16   15   13   12   12   14   18   24   31   39   48   58   68   77   86
   94   99  102  102   99   95   90   85   81   78   76   74   72   70   68   66
   63   60   57   52   47   40   32   25   20
    57.5-180.0 180.0   5.0 450.0                            LAT/LON1/LON2/DLON/H
   25   21   19   18   18   19   19   18   18   17   16   15   15   15   16   16
   16   15   14   12   11   11   11   12   14   16   18   20   21   22   22   21
   19   17   15   13   13   15   19   25   33   42   52   61   69   77   84   91
   96  100  101  100   97   93   88   84   82   80   80   79   77   74   71   67
   64   61   58   55   50   43   37   30   25
    55.0-180.0 180.0   5.0 450.0                            LAT/LON1/LON2/DLON/H
   31   28   26   25   25   24   23   21   20   18   17   17   17   18   19   19
   19   16   14   10    8    7    8   10   13   17   20   23   25   26   26   24
   22   19   16   15   15   18   25   33   43   54   64   72   79   84   88   92
   95   97   98   97   94   91   87   85   84   85   85   85   82   78   73   67
   63   60   57   54   50   45   40   35   31
    52.5-180.0 180.0   5.0 450.0                            LAT/LON1/LON2/DLON/H
   36   35   34   33   32   30   28   25   23   21   19   19   19   21   22   22
   21   19   15   11    8    7    9   12   16   21   26   30   32   32   31   29
   25   21   18   17   19   24   32   42   54   65   75   82   87   90   92   93
   95   96   97   96   94   92   90   89   90   92   93   92   89   83   75   68
   62   58   55   53   50   46   42   39   36
    50.0-180.0 180.0   5.0 450.0                            LAT/LON1/LON2/DLON/H
   41   41   41   41   40   38   34   31   27   24   22   21   21   22   23   24
   23   21   18   15   13   13   15   19   25   30   35   38   39   38   36   32
   28   24   22   21   24   31   41   52   65   76   85   92   95   97   97   97
   97   98  100  100  100   99   98   98   99  101  102  101   96   88   79   70
   63   58   55   53   51   48   45   43   41
    47.5-180.0 180.0   5.0 450.0                            LAT/LON1/LON2/DLON/H
   46   46   47   47   46   44   41   37   33   30   27   25   24   24   25   25
   26   25   23   22   22   24   27   32   37   42   45   47   46   44   40   36
   31   28   26   27   32   40   51   63   75   86   95  101  104  105  105  105
  105  107  108  110  110  110  109  109  109  111  111  109  103   94   83   74
   66   61   59   56   54   51   48   46   46
    45.0-180.0 180.0   5.0 450.0                            LAT/LON1/LON2/DLON/H
   49   50   51   51   51   49   46   43   40   37   33   30   27   26   26   27
   28   29   31   32   35   39   43   47   51   54   56   55   52   48   43   38
   34   32   32   34   41   50   61   73   84   94  103  110  114  117  118  118
  119  121  122  124  124  123  122  120  119  119  117  114  108   99   88   79
   72   67   65   62   59   55   52   50   49
    42.5-180.0 180.0   5.0 450.0                            LAT/LON1/LON2/DLON/H
   51   51   52   52   52   51   50   48   47   44   41   37   34   31   30   31
   33   36   40   45   50   55   59   63   65   65   64   61   57   51   45   40
   37   36   37   42   51   61   72   82   92  101  110  119  126  130  133  135
  136  137  139  139  138  137  134  130  127  123  120  116  110  102   93   84
   79   75   72   70   65   60   56   52   51
    40.0-180.0 180.0   5.0 450.0                            LAT/LON1/LON2/DLON/H
   52   50   50   50   50   50   51   52   53   52   50   46   42   39   37   38
   40   44   51   58   65   71   74   76   75   73   70   65   59   52   46   42
   39   40   44   50   60   71   82   91   99  107  116  127  137  145  150  153
  154  154  154  152  150  147  143  137  131  125  120  116  110  104   96   90
   86   83   81   77   72   65   59   54   52
    37.5-180.0 180.0   5.0 450.0                            LAT/LON1/LON2/DLON/H
   52   49   48   47   47   47   49   53   56   58   58   56   53   50   48   48
   50   55   62   71   79   84   86   84   81   77   72   66   59   52   46   43
   42   44   49   58   69   81   91   99  104  111  121  134  147  157  165  168
  169  168  165  162  158  154  149  142  135  127  121  116  111  107  101   97
   93   91   88   83   77   69   61   55   52
    35.0-180.0 180.0   5.0 450.0                            LAT/LON1/LON2/DLON/H
   52   49   47   45   43   44   46   51   57   62   64   65   63   61   60   60
   62   67   74   82   89   92   92   88   82   77   71   65   58   52   47   44
   44   47   54   64   76   89   99  105  109  115  125  139  154  167  175  179
  179  177  172  167  162  158  154  148  140  132  126  121  118  114  110  106
  102   99   95   89   81   72   63   57   52
    32.5-180.0 180.0   5.0 450.0                            LAT/LON1/LON2/DLON/H
   55   51   48   44   42   41   43   48   55   62   67   70   71   71   71   71
   73   77   83   90   95   96   92   86   79   73   68   63   57   52   48   46
   46   50   57   68   82   95  105  111  114  119  129  143  159  172  181  185
  185  181  176  169  165  162  160  157  152  145  139  136  133  129  124  119
  114  108  102   94   85   75   66   59   55
    30.0-180.0 180.0   5.0 450.0                            LAT/LON1/LON2/DLON/H
   60   57   53   48   43   40   40   44   51   59   65   71   75   77   79   80
   81   84   89   94   96   94   89   81   74   69   65   61   57   52   49   47
   48   51   59   70   85  100  111  117  119  123  133  147  162  175  182  186
  187  184  179  173  170  170  173  174  172  168  165  162  159  154  148  139
  130  122  112  102   91   80   71   64   60
    27.5-180.0 180.0   5.0 450.0                            LAT/LON1/LON2/DLON/H
   69   66   62   56   49   43   40   42   46   53   60   67   73   78   81   82
   83   85   88   92   92   89   82   74   69   65   63   60   57   53   50   48
   49   52   59   72   88  105  117  123  126  130  139  152  166  176  183  187
  190  189  186  182  181  185  192  199  202  202  200  199  196  189  179  166
  153  140  128  115  102   90   80   73   69
    25.0-180.0 180.0   5.0 450.0                            LAT/LON1/LON2/DLON/H
   81   78   74   67   58   49   43   41   43   47   53   60   67   73   77   79
   79   80   82   85   84   80   74   68   64   63   62   60   57   54   51   49
   49   51   59   72   91  109  124  131  135  139  148  160  171  179  185  190
  196  200  200  199  200  207  219  231  239  242  243  243  239  231  217  200
  182  166  150  134  119  105   94   86   81
    22.5-180.0 180.0   5.0 450.0                            LAT/LON1/LON2/DLON/H
   96   93   89   81   70   58   49   44   43   44   47   52   59   65   69   70
   70   70   72   74   74   72   68   64   63   63   63   61   58   54   51   49
   48   50   58   73   93  114  131  140  146  151  160  171  180  186  191  199
  208  217  222  223  226  236  251  266  278  284  287  288  284  273  256  236
  216  197  179  161  143  127  112  102   96
    20.0-180.0 180.0   5.0 450.0                            LAT/LON1/LON2/DLON/H
  113  108  103   95   83   70   59   52   48   45   45   47   52   57   60   60
   58   58   61   64   66   65   64   64   65   66   65   63   58   54   51   48
   47   49   58   75   97  120  138  150  158  165  175  186  194  198  203  213
  227  241  249  252  257  267  283  300  313  320  325  326  322  310  292  271
  250  230  212  193  174  154  136  122  113
    17.5-180.0 180.0   5.0 450.0                            LAT/LON1/LON2/DLON/H
  130  122  116  107   94   81   71   63   58   53   49   48   50   53   53   52
   49   49   52   56   60   63   65   67   69   70   69   64   59   55   51   48
   47   49   59   77  101  125  145  159  170  180  192  203  211  215  221  232
  250  267  279  283  287  297  312  327  339  346  350  352  348  337  319  300
  281  264  247  228  207  184  161  142  130
    15.0-180.0 180.0   5.0 450.0                            LAT/LON1/LON2/DLON/H
  146  135  127  117  104   92   83   77   71   65   59   55   55   55   54   50
   46   45   49   55   61   66   70   73   76   76   72   66   60   56   52   49
   47   50   61   81  106  131  152  168  181  194  209  222  230  234  240  253
  273  292  305  310  313  320  333  346  354  359  362  363  359  350  336  320
  305  292  278  262  240  215  188  164  146
    12.5-180.0 180.0   5.0 450.0                            LAT/LON1/LON2/DLON/H
  162  147  136  125  112  100   94   90   86   80   73   69   67   65   62   56
   51   50   54   62   69   74   79   83   84   82   76   68   62   58   54   51
   49   52   65   85  110  135  157  174  190  206  223  238  248  253  259  272
  292  311  324  329  331  336  346  355  360  361  361  361  358  351  341  331
  322  313  304  290  269  243  212  183  162
    10.0-180.0 180.0   5.0 450.0                            LAT/LON1/LON2/DLON/H
  176  158  144  130  117  107  102  101  100   95   89   85   83   81   77   70
   64   63   68   75   82   87   90   93   92   87   79   71   64   60   57   53
   51   55   68   89  114  138  159  177  196  215  235  252  263  269  275  286
  304  322  333  338  340  344  351  357  358  356  354  352  350  345  339  334
  330  327  321  310  291  265  233  202  176
     7.5-180.0 180.0   5.0 450.0                            LAT/LON1/LON2/DLON/H
  190  169  152  136  121  111  108  109  109  107  102  100   99   98   95   88
   82   81   86   92   98  101  102  102   98   91   82   73   67   64   61   56
   54   58   72   93  117  139  159  178  198  220  241  261  273  280  285  293
  307  322  333  338  341  346  353  356  355  350  345  343  340  337  334  333
  333  333  329  321  305  281  250  218  190
     5.0-180.0 180.0   5.0 450.0                            LAT/LON1/LON2/DLON/H
  204  181  161  142  125  114  110  112  113  112  110  110  112  113  111  105
  100   99  103  109  113  114  112  108  103   94   84   75   70   68   64   59
   56   61   75   96  118  138  157  177  198  221  244  265  279  285  289  294
  304  316  325  332  337  345  353  356  354  348  343  339  337  334  333  333
  334  334  331  324  311  290  263  232  204
     2.5-180.0 180.0   5.0 450.0                            LAT/LON1/LON2/DLON/H
  217  194  172  150  130  117  111  110  111  110  110  112  117  121  120  116
  112  112  116  121  123  121  117  111  104   96   86   78   74   71   67   62
   58   63   77   97  118  136  155  174  196  220  244  265  279  286  288  291
  297  305  315  323  332  343  354  359  358  354  349  346  344  341  339  337
  336  334  329  321  311  294  271  244  217
