data/CODG0100.22I
     1.0            IONOSPHERE MAPS     GNSS                IONEX VERSION / TYPE
ADDNEQ2 V5.3        AIUB                14-JAN-22 21:14     PGM / RUN BY / DATE 
CODE'S GLOBAL IONOSPHERE MAPS FOR DAY 010, 2022             COMMENT             
Global ionosphere maps (GIM) are generated on a daily basis DESCRIPTION         
at CODE using data from about 300 GNSS sites of the IGS and DESCRIPTION         
other institutions. The vertical total electron content     DESCRIPTION         
(VTEC) is modeled in a solar-geomagnetic reference frame    DESCRIPTION         
using a spherical harmonics expansion up to degree and      DESCRIPTION         
order 15. Piece-wise linear functions are used for          DESCRIPTION         
representation in the time domain. The time spacing of      DESCRIPTION         
their vertices is 1 hour, conforming with the epochs of the DESCRIPTION         
VTEC maps.                                                  DESCRIPTION         
To convert line-of-sight TEC into vertical TEC, a modified  DESCRIPTION         
single-layer model mapping function approximating the JPL   DESCRIPTION         
extended slab model mapping function is adopted. The        DESCRIPTION         
mapping function is evaluated at geodetic satellite         DESCRIPTION         
elevation angles. For the computation of the ionospheric    DESCRIPTION         
pierce points, a spherical layer with a radius of 6821 km   DESCRIPTION         
is assumed, implying geocentric, not geodetic IONEX         DESCRIPTION         
latitudes.                                                  DESCRIPTION         
Instrumental biases with respect to each involved GNSS code DESCRIPTION         
observable are estimated as constant values for each        DESCRIPTION         
day. They are modeled with one set of bias parameters for   DESCRIPTION         
each satellite and each station in case of GPS and for each DESCRIPTION         
satellite-station link in case of GLONASS. The code bias    DESCRIPTION         
datum is defined by zero-mean conditions imposed on the     DESCRIPTION         
satellite bias estimates. In this file, just GPS C1W-C2W    DESCRIPTION         
satellite and station bias values are included. The         DESCRIPTION         
complete set of GNSS code bias results is provided in an    DESCRIPTION         
additional Bias-SINEX file as pseudo-absolute values        DESCRIPTION         
specific to each observable.                                DESCRIPTION         
Note: These GIM results correspond to the results for the   DESCRIPTION         
middle day of a 3-day combination analysis solving for 73   DESCRIPTION         
times 256, or 18688 VTEC parameters and 3 daily sets of     DESCRIPTION         
GNSS code bias parameters.                                  DESCRIPTION         
Contact address: code(at)aiub.unibe.ch                      DESCRIPTION         
Data archive:    ftp.aiub.unibe.ch/CODE/                    DESCRIPTION         
                 www.aiub.unibe.ch/download/CODE/           DESCRIPTION         
  2022     1    10     0     0     0                        EPOCH OF FIRST MAP  
  2022     1    11     0     0     0                        EPOCH OF LAST MAP   
  3600                                                      INTERVAL            
[...]
brux bshm cags cas1 ccj2 cedu chpg chpi chti chur ckis coco COMMENT             
cord cpvg cro1 daej darw dav1 dgar dhlg drao dubo ebre faa1 COMMENT             
fair flin flrs frdn ftna func ganp glps glsv gode godz gol2 COMMENT             
gold gope gras graz guat guug harb hers hert hlfx hnlc hnpt COMMENT             
hob2 hofn holb hyde ieng iisc invk iqal irkj isba joz2 joze COMMENT             
karr kerg kir0 kiru kit3 kokb kokv koug kour krgg laut lmmf COMMENT             
lpgs m0se mac1 madr mal2 mana mas1 mat1 mate maui maw1 mcil COMMENT             
mcm4 mdo1 mdvj medi mets mgue mizu mkea mobj mobs monp morp COMMENT             
mqzg mro1 mtka nano nico nist nklg nlib nnor not1 nrc1 ntus COMMENT             
nya1 nyal ohi2 onsa opmt ous2 pado parc park pdel penc pert COMMENT             
pie1 pimo pohn pol2 polv pots pove prds ptbb ptvl qaq1 quin COMMENT             
rabt ramo reun reyk rgdg rio2 riop salu samo sant savo sch2 COMMENT             
scor scrz sctb scub seyg smst sofi spt0 sthl stjo stk2 suth COMMENT             
sutm suwn sydn syog tabl tabv tash tehn thtg thti thu2 tid1 COMMENT             
tidb tixg tlse tong tow2 tro1 tsea tskb tuva twtf uclu ufpr COMMENT             
ulab unb3 unbj unbn unsa urum usn7 usud vald vill voim wab2 COMMENT             
wark wes2 wgtn whit will wind wsrt wtza wtzl wtzr wtzs wtzz COMMENT             
wuhn xmis yakt yar2 yar3 yarr yell yssk zamb zeck zim2 zim3 COMMENT             
zimm                                                        COMMENT             
                                                            END OF HEADER       
[from data line 2145]
     6                                                      START OF TEC MAP    
  2022     1    10     5     0     0                        EPOCH OF CURRENT MAP
    87.5-180.0 180.0   5.0 450.0                            LAT/LON1/LON2/DLON/H
   21   20   20   20   20   21   21   21   21   21   21   21   21   21   22   22
   22   22   22   22   22   23   23   23   23   24   24   24   25   25   26   26
   27   27   28   28   28   29   29   29   30   30   30   30   30   30   30   30
   30   29   29   29   28   28   27   27   26   26   25   25   24   24   23   23
   23   22   22   22   21   21   21   21   21
    85.0-180.0 180.0   5.0 450.0                            LAT/LON1/LON2/DLON/H
   15   16   16   16   17   17   17   18   18   19   19   19   20   20   20   20
   20   20   19   19   19   19   19   19   20   20   21   21   22   23   24   25
   26   27   28   29   30   31   32   33   33   34   34   34   34   34   33   33
   32   32   31   30   30   29   28   27   26   25   24   23   22   21   20   19
   18   18   17   16   16   16   16   15   15
    82.5-180.0 180.0   5.0 450.0                            LAT/LON1/LON2/DLON/H
   11   11   12   13   14   15   16   17   18   19   20   20   21   21   21   20
   20   19   18   17   17   16   16   15   15   15   16   17   18   19   21   22
   24   26   28   29   31   32   33   34   35   35   35   35   35   35   34   33
   33   32   31   30   29   28   27   26   25   23   22   21   19   18   17   16
   15   14   13   12   11   11   11   11   11
    80.0-180.0 180.0   5.0 450.0                            LAT/LON1/LON2/DLON/H
    8    8    9   11   12   14   16   18   20   21   23   24   24   24   24   23
   22   20   19   17   16   14   13   12   12   12   12   13   14   16   18   20
   22   24   27   29   31   32   33   34   34   34   34   33   33   32   31   31
   30   29   29   28   27   27   26   25   24   23   22   20   19   18   17   15
   14   13   11   10    9    9    8    8    8
    77.5-180.0 180.0   5.0 450.0                            LAT/LON1/LON2/DLON/H
    8    8    8   10   12   14   17   20   22   25   27   28   29   29   28   27
   25   23   21   19   17   15   13   12   11   10   10   11   12   14   16   19
   21   24   26   28   30   31   31   31   31   30   29   28   27   26   26   25
   25   25   26   26   26   26   26   26   26   25   25   24   23   22   20   19
   18   16   15   13   11   10    9    8    8
    75.0-180.0 180.0   5.0 450.0                            LAT/LON1/LON2/DLON/H
   10    9    9   10   12   14   18   21   24   27   30   31   32   32   31   29
   27   25   23   21   19   17   15   14   13   12   12   12   13   15   17   19
   22   24   26   27   28   29   28   27   26   24   22   21   20   19   19   20
   21   22   24   26   28   29   30   31   31   32   31   31   31   30   29   28
   26   25   23   20   18   16   14   12   10
    72.5-180.0 180.0   5.0 450.0                            LAT/LON1/LON2/DLON/H
   16   13   12   12   13   15   18   21   25   29   31   33   33   33   32   30
   28   26   24   23   22   20   19   18   17   16   15   15   16   17   19   21
   23   25   26   27   26   25   24   22   19   17   15   13   12   12   14   16
   19   22   26   29   33   35   38   39   41   41   42   42   42   42   41   40
   39   37   34   32   29   25   22   19   16
    70.0-180.0 180.0   5.0 450.0                            LAT/LON1/LON2/DLON/H
   23   19   16   14   13   14   17   20   24   28   30   32   32   31   29   27
   26   25   24   24   24   23   23   22   22   21   20   20   20   21   22   24
   25   26   26   25   24   22   19   16   13   10    8    7    7    8   11   15
   20   26   32   37   41   45   48   50   52   53   55   55   56   56   55   54
   52   50   47   44   41   37   32   28   23
    67.5-180.0 180.0   5.0 450.0                            LAT/LON1/LON2/DLON/H
   32   26   21   17   14   14   15   18   22   25   28   29   28   27   25   23
   22   22   22   23   24   25   26   26   25   25   24   24   24   24   25   26
   26   26   25   23   21   18   15   11    8    6    5    4    5    8   13   19
   26   33   40   47   52   56   59   62   63   65   67   68   69   69   69   67
   65   62   59   55   51   47   42   37   32
    65.0-180.0 180.0   5.0 450.0                            LAT/LON1/LON2/DLON/H
   40   33   26   20   16   13   14   16   19   22   24   25   24   22   20   19
   18   18   20   22   24   25   26   27   27   26   26   26   26   26   27   27
   27   26   24   21   18   14   11    8    6    5    4    5    8   12   18   25
   34   42   50   57   62   66   69   71   72   74   77   79   80   81   80   78
   75   71   67   63   59   55   51   46   40
    62.5-180.0 180.0   5.0 450.0                            LAT/LON1/LON2/DLON/H
   47   40   32   24   17   13   12   13   15   18   20   21   20   19   17   16
   16   16   18   20   22   23   24   25   25   25   25   26   26   27   28   28
   27   25   22   19   15   12    9    7    6    6    7    9   13   18   25   33
   42   52   60   66   70   73   74   76   78   80   83   86   88   89   88   85
   81   76   71   67   63   60   57   53   47
    60.0-180.0 180.0   5.0 450.0                            LAT/LON1/LON2/DLON/H
   53   46   38   29   20   14   11   11   13   16   17   18   18   17   16   15
   16   17   18   19   20   20   21   21   22   23   24   25   26   27   28   28
   27   25   21   18   14   11    9    9    9   11   13   16   20   25   32   41
   50   59   67   72   74   76   76   77   79   82   86   90   93   94   93   90
   84   78   73   68   65   62   60   58   53
    57.5-180.0 180.0   5.0 450.0                            LAT/LON1/LON2/DLON/H
   59   53   44   34   25   17   13   11   12   14   16   17   18   18   18   18
   19   19   19   19   18   17   17   17   18   20   22   25   27   28   29   29
   28   25   22   18   15   12   12   13   15   17   20   23   27   32   39   48
   57   65   71   75   76   76   76   76   79   83   88   92   96   98   96   92
   86   79   73   67   64   63   63   62   59
    55.0-180.0 180.0   5.0 450.0                            LAT/LON1/LON2/DLON/H
   65   60   51   41   31   22   16   13   13   14   16   17   18   19   21   22
   23   23   22   20   17   15   14   14   17   20   24   27   29   31   31   31
   29   27   24   21   18   17   17   19   21   24   27   30   33   38   45   53
   62   70   75   78   78   77   76   77   79   84   90   95   99  100   99   94
   88   80   73   68   65   65   66   66   65
    52.5-180.0 180.0   5.0 450.0                            LAT/LON1/LON2/DLON/H
   71   66   59   48   38   28   21   17   16   16   17   18   20   22   24   25
   26   26   24   21   17   14   14   15   19   24   29   32   35   35   35   34
   33   31   29   27   25   24   25   26   29   32   34   36   39   43   50   59
   68   76   81   83   82   80   80   81   84   89   94   98  101  102  100   96
   90   83   77   72   69   69   70   72   71
    50.0-180.0 180.0   5.0 450.0                            LAT/LON1/LON2/DLON/H
   77   73   66   56   45   36   29   24   21   20   20   20   21   23   25   28
   29   28   26   22   19   17   18   21   27   33   38   41   42   41   40   38
   37   36   35   34   33   33   34   35   37   38   40   41   44   49   56   66
   76   85   90   91   91   90   90   91   95   98  102  104  105  104  102   98
   93   88   82   78   76   76   77   78   77
    47.5-180.0 180.0   5.0 450.0                            LAT/LON1/LON2/DLON/H
   83   78   71   62   53   44   38   32   29   26   24   23   23   24   26   28
   29   29   28   25   23   23   26   32   38   45   50   52   51   48   45   42
   41   41   41   42   43   43   43   44   44   45   46   47   50   56   65   76
   88   98  103  105  105  105  106  108  110  112  112  110  108  105  102   99
   95   92   88   86   84   84   84   84   83
    45.0-180.0 180.0   5.0 450.0                            LAT/LON1/LON2/DLON/H
   87   82   75   67   59   52   46   42   37   33   30   28   27   26   27   28
   29   30   30   30   31   34   39   46   53   59   62   62   59   54   50   46
   45   46   48   50   52   52   52   52   51   51   52   54   58   66   77   90
  103  113  119  121  122  123  125  128  129  127  123  117  110  105  101   98
   96   95   94   93   92   92   91   90   87
    42.5-180.0 180.0   5.0 450.0                            LAT/LON1/LON2/DLON/H
   89   83   76   69   63   58   54   50   46   42   38   34   32   31   30   30
   31   33   35   38   43   49   56   63   69   72   73   70   65   59   53   50
   49   50   53   57   59   60   60   58   58   58   59   63   69   78   91  105
  119  130  136  138  139  141  144  147  146  141  132  122  113  105  100   97
   95   95   96   98   98   98   97   94   89
    40.0-180.0 180.0   5.0 450.0                            LAT/LON1/LON2/DLON/H
   89   82   75   68   64   62   60   57   54   50   46   43   40   38   36   35
   36   39   44   51   58   66   73   79   82   82   80   75   68   62   56   53
   52   54   58   61   64   65   64   63   63   64   68   74   82   92  105  120
  134  144  149  150  152  155  159  161  159  151  139  126  115  107  101   97
   95   95   97   99  101  101  100   96   89
    37.5-180.0 180.0   5.0 450.0                            LAT/LON1/LON2/DLON/H
   88   80   72   66   63   62   62   61   59   56   54   52   50   48   46   45
   46   50   57   66   75   83   89   92   91   87   81   75   69   63   59   56
   56   58   60   64   66   67   67   66   67   71   77   85   95  106  118  132
  144  152  156  156  157  161  166  168  165  156  143  131  121  114  108  103
   99   97   97   99  102  103  101   96   88
    35.0-180.0 180.0   5.0 450.0                            LAT/LON1/LON2/DLON/H
   88   78   70   64   61   61   61   61   60   59   59   59   59   59   58   57
   59   64   72   82   91   98  101   99   94   87   79   72   67   64   62   61
   60   61   62   64   66   66   67   67   70   77   86   97  107  117  128  139
  148  154  155  154  155  159  165  168  166  157  147  138  132  129  125  118
  110  104  101  101  103  104  102   96   88
    32.5-180.0 180.0   5.0 450.0                            LAT/LON1/LON2/DLON/H
   90   80   70   63   58   57   57   57   57   57   59   63   66   68   69   69
   72   77   85   94  102  106  105  100   92   82   74   68   66   66   66   66
   65   64   64   64   64   64   64   67   72   81   94  106  117  125  132  140
  147  150  150  148  148  152  159  164  164  158  152  150  152  155  154  146
  133  121  112  109  109  109  106  100   90
    30.0-180.0 180.0   5.0 450.0                            LAT/LON1/LON2/DLON/H
   98   86   75   65   58   54   52   51   51   52   56   62   68   73   76   78
   81   86   93  100  104  106  102   95   85   75   68   65   66   69   71   71
   70   67   65   62   61   60   61   65   72   85  100  114  124  129  133  138
  142  144  143  140  140  146  154  161  164  163  164  171  182  192  195  186
  169  150  135  127  123  121  116  109   98
    27.5-180.0 180.0   5.0 450.0                            LAT/LON1/LON2/DLON/H
  113   99   85   72   61   54   49   46   44   45   50   58   66   72   76   80
   83   87   92   96   98   97   92   85   76   68   64   65   68   73   76   76
   74   70   65   61   58   57   57   62   71   86  104  119  128  131  133  135
  139  140  139  137  138  144  154  164  170  176  184  200  221  239  245  236
  215  190  169  156  148  143  135  126  113
    25.0-180.0 180.0   5.0 450.0                            LAT/LON1/LON2/DLON/H
  136  119  101   84   69   58   49   43   40   40   45   52   59   66   71   73
   76   79   82   83   83   81   78   73   67   64   63   67   72   77   79   78
   75   70   65   59   56   54   54   59   70   87  106  122  131  133  133  135
  140  143  143  143  145  152  164  176  187  198  213  236  264  289  299  291
  267  238  213  195  184  174  164  151  136
    22.5-180.0 180.0   5.0 450.0                            LAT/LON1/LON2/DLON/H
  164  144  123  102   83   67   56   48   43   41   43   48   54   58   61   62
   63   64   65   65   65   64   63   62   62   63   66   71   76   80   80   78
   74   69   64   58   54   52   52   57   68   86  107  125  134  136  137  141
  148  154  157  159  163  171  185  199  213  228  248  275  307  335  348  341
  318  287  260  241  226  213  199  182  164
    20.0-180.0 180.0   5.0 450.0                            LAT/LON1/LON2/DLON/H
  197  174  149  124  101   82   69   59   54   51   50   51   53   53   52   50
   48   47   48   48   49   50   53   58   63   68   72   77   80   81   79   74
   70   66   62   58   54   51   50   55   67   86  109  128  139  143  146  152
  163  173  180  184  190  199  213  229  246  263  284  312  344  371  385  380
  359  330  305  285  270  255  238  218  197
    17.5-180.0 180.0   5.0 450.0                            LAT/LON1/LON2/DLON/H
  230  205  177  149  123  102   88   79   74   70   67   64   61   56   50   43
   38   36   36   38   41   45   52   60   69   76   80   83   83   80   74   68
   64   62   60   58   54   51   49   54   66   86  111  132  145  152  159  169
  184  198  208  215  221  232  246  262  279  297  317  341  369  393  406  402
  385  361  340  324  310  295  276  254  230
    15.0-180.0 180.0   5.0 450.0                            LAT/LON1/LON2/DLON/H
  262  235  206  175  147  126  111  104  100   97   93   87   79   69   58   47
   38   35   37   41   47   53   61   71   80   86   88   87   84   77   69   62
   58   58   59   58   55   51   49   53   66   87  113  136  153  163  174  188
  206  223  235  244  252  262  276  292  308  324  341  359  379  398  408  407
  394  377  362  351  341  328  309  287  262
    12.5-180.0 180.0   5.0 450.0                            LAT/LON1/LON2/DLON/H
  290  263  233  201  172  150  137  132  130  129  125  117  106   93   77   62
   52   49   52   59   66   73   80   88   94   97   95   90   83   75   65   57
   54   56   59   59   56   52   49   53   66   89  116  142  161  175  188  206
  225  243  257  267  276  286  298  312  327  341  354  365  377  389  397  397
  389  379  371  366  361  351  335  314  290
    10.0-180.0 180.0   5.0 450.0                            LAT/LON1/LON2/DLON/H
  313  287  258  226  196  174  161  157  158  159  156  149  137  122  105   88
   76   74   80   89   96  102  105  108  109  106   99   91   83   73   64   56
   53   56   59   60   57   52   49   53   67   91  120  146  167  184  200  218
  238  255  269  280  290  299  309  321  334  346  355  360  365  371  377  379
  376  371  369  369  369  364  352  335  313
     7.5-180.0 180.0   5.0 450.0                            LAT/LON1/LON2/DLON/H
  330  308  280  249  219  196  182  178  180  182  180  175  165  151  134  117
  107  106  113  123  130  132  130  126  120  112  101   91   83   74   65   58
   56   58   61   62   57   51   48   53   69   94  123  150  172  190  207  225
  243  258  272  283  293  302  310  320  330  340  347  349  350  353  358  362
  362  361  362  365  368  367  360  348  330
     5.0-180.0 180.0   5.0 450.0                            LAT/LON1/LON2/DLON/H
  342  323  298  269  239  215  199  192  192  193  193  189  182  171  157  143
  134  135  143  154  159  156  148  138  127  114  102   91   84   78   71   64
   61   61   63   62   57   50   48   54   71   97  126  153  175  193  210  226
  241  254  266  278  289  297  303  310  318  328  334  336  337  341  347  353
  355  355  356  359  363  365  362  355  342
     2.5-180.0 180.0   5.0 450.0                            LAT/LON1/LON2/DLON/H
  348  334  313  286  257  231  211  199  194  193  192  189  185  178  169  158
  152  154  163  172  175  168  156  142  128  114  101   92   87   83   77   71
   66   65   65   62   56   50   48   56   75  100  129  155  176  193  208  222
  234  245  257  269  281  288  292  296  303  313  321  326  331  338  347  355
  358  357  355  356  358  360  360  356  348
